 #node_pos| r| theta| state
          -5   6.1405799999999999        8.1852199999999993       -1.0000000000000000     
           1   2.8286900000000000E-003   14.960599999999999       -1.0000000000000000     
          -5   6.0674200000000003        18.892199999999999       -1.0000000000000000     
          -5   5.9048400000000001        15.484800000000000       -1.0000000000000000     
          -5   6.1574499999999999        17.143400000000000       -1.0000000000000000     
          -5   6.1465199999999998        15.442600000000001       -1.0000000000000000     
          -5   5.9466500000000000        15.105600000000001       -1.0000000000000000     
          -5   5.7888400000000004        13.910900000000000        1.0000000000000000     
          -5   5.8193700000000002        16.915500000000002        1.0000000000000000     
          -5   5.8070500000000003        16.391600000000000        1.0000000000000000     
          -5   5.7973999999999997        17.500800000000002        1.0000000000000000     
          -5   5.7756999999999996        17.240500000000001        1.0000000000000000     
          -5   5.7593800000000002        15.945100000000000        1.0000000000000000     
          -5   5.5137999999999998        15.598300000000000       -1.0000000000000000     
          -5   5.7859900000000000        16.540600000000001       -1.0000000000000000     
          -5  0.11893700000000000        13.718800000000000       -1.0000000000000000     
          -5  0.11826100000000001        16.097600000000000       -1.0000000000000000     
          -5   6.2120300000000004        16.439399999999999       -1.0000000000000000     
          -5   6.1017900000000003        19.327900000000000       -1.0000000000000000     
           2   6.2116100000000003        18.758099999999999       -1.0000000000000000     
          -5   5.9955299999999996        16.600200000000001       -1.0000000000000000     
          -5   1.9624600000000001        14.678200000000000       -1.0000000000000000     
          -5   6.1899100000000002        18.416399999999999       -1.0000000000000000     
          -5   4.3234900000000000E-002   16.631699999999999       -1.0000000000000000     
          -5   5.9808599999999998        14.055000000000000       -1.0000000000000000     
          -5   5.9843299999999999        15.709000000000000        1.0000000000000000     
          -5   2.0618599999999998        15.459099999999999       -1.0000000000000000     
          -5   6.1882900000000003        16.262200000000000       -1.0000000000000000     
          -5   6.7688200000000004E-002   16.690300000000001       -1.0000000000000000     
          -5   5.6764500000000000        13.893800000000001        1.0000000000000000     
           3   5.7054000000000000        15.443300000000001       -1.0000000000000000     
          -5   5.6626300000000001        16.546800000000001        1.0000000000000000     
          -5   5.5750500000000001        14.841100000000001        1.0000000000000000     
          -5   5.6743800000000002        15.049899999999999        1.0000000000000000     
          -5   5.6774300000000002        16.177499999999998        1.0000000000000000     
          -5   2.2026100000000000        12.421600000000000       -1.0000000000000000     
          -5   2.1483300000000001        15.402799999999999       -1.0000000000000000     
          -5   2.3120500000000002        12.335500000000000       -1.0000000000000000     
          -5   2.1252100000000000        13.757000000000000       -1.0000000000000000     
           4   2.0929899999999999        15.279800000000000       -1.0000000000000000     
           5   1.7677000000000000        11.014099999999999       -1.0000000000000000     
           6   2.5741900000000002        13.960500000000000       -1.0000000000000000     
          -5   1.7446200000000001        13.911199999999999       -1.0000000000000000     
          -5   1.7116899999999999        14.232600000000000       -1.0000000000000000     
          -5   2.8823500000000002        9.5911600000000004       -1.0000000000000000     
          -5   3.1562500000000000        14.668500000000000        1.0000000000000000     
          -5   3.4022299999999999        14.765000000000001        1.0000000000000000     
          -5   3.2316600000000002        15.237100000000000        1.0000000000000000     
          -5   3.1623800000000002        16.199400000000001        1.0000000000000000     
          -5   3.2278600000000002        14.785100000000000        1.0000000000000000     
           7   2.9956600000000000        11.379500000000000        1.0000000000000000     
           8   2.7697799999999999        14.773999999999999       -1.0000000000000000     
           9   3.7385400000000000        15.478600000000000        1.0000000000000000     
          10   3.7574800000000002        14.148600000000000        1.0000000000000000     
          11   2.8296899999999998        14.295600000000000       -1.0000000000000000     
          12   3.4247899999999998        14.997600000000000        1.0000000000000000     
          13   3.4972200000000000        14.324400000000001        1.0000000000000000     
          14   3.4795900000000000        14.676800000000000        1.0000000000000000     
          -5   2.8343699999999998        19.854500000000002       -1.0000000000000000     
          15   3.4049399999999999        15.127200000000000        1.0000000000000000     
          -5   3.7557299999999998        12.929300000000000        1.0000000000000000     
          -5   4.3109999999999999        14.103999999999999        1.0000000000000000     
          -5   2.9982099999999998        14.006500000000001        1.0000000000000000     
          -5   3.2990200000000001        15.070700000000000        1.0000000000000000     
          -5   3.0038999999999998        14.357699999999999        1.0000000000000000     
          -5   3.2778499999999999        11.696099999999999        1.0000000000000000     
          -5   2.9100299999999999        15.588200000000001        1.0000000000000000     
          -5   2.9094000000000002        15.597700000000000        1.0000000000000000     
          -5   2.9036300000000002        15.525499999999999        1.0000000000000000     
          16   3.6646500000000000        14.016700000000000        1.0000000000000000     
          -5   3.6680199999999998        16.363000000000000        1.0000000000000000     
          -5   3.1840199999999999        16.622599999999998        1.0000000000000000     
          -5   3.6369899999999999        15.347700000000000        1.0000000000000000     
          -5   2.9699499999999999        17.743400000000001        1.0000000000000000     
          -5   2.4233899999999999        14.664800000000000       -1.0000000000000000     
          -5   2.3763500000000000        14.435200000000000       -1.0000000000000000     
          -5   2.3516200000000000        14.844600000000000       -1.0000000000000000     
          -5   2.3796499999999998        14.791100000000000       -1.0000000000000000     
          -5   2.3197800000000002        15.077999999999999       -1.0000000000000000     
          17   1.7245500000000000        16.820699999999999       -1.0000000000000000     
          -5   1.7174799999999999        19.256799999999998       -1.0000000000000000     
          -5   1.1844800000000000        16.123100000000001       -1.0000000000000000     
          -5  0.61570100000000005        19.687400000000000       -1.0000000000000000     
          -5  0.64536700000000002        20.217800000000000       -1.0000000000000000     
          -5   1.2091200000000000        14.941200000000000       -1.0000000000000000     
          -5   1.1854899999999999        14.747400000000001       -1.0000000000000000     
          -5  0.81542300000000001        18.016400000000001       -1.0000000000000000     
          -5   2.2775500000000002        16.662700000000001       -1.0000000000000000     
          -5   1.0846000000000000        15.934300000000000       -1.0000000000000000     
          18   1.4068000000000001        15.375800000000000       -1.0000000000000000     
          19  0.84456399999999998        15.957200000000000       -1.0000000000000000     
          20   1.3983900000000000        16.763300000000001       -1.0000000000000000     
          21   5.3525400000000003        16.007899999999999        1.0000000000000000     
          22  0.71067899999999995        20.708400000000001       -1.0000000000000000     
          23   1.0684000000000000        16.115600000000001       -1.0000000000000000     
          -5  0.68475799999999998        21.952200000000001       -1.0000000000000000     
          -5   1.7010000000000001        16.358599999999999       -1.0000000000000000     
          -5   1.0523199999999999        12.777200000000001       -1.0000000000000000     
          -5   5.8436899999999996        15.038200000000000       -1.0000000000000000     
          24   2.2916900000000000        16.873000000000001       -1.0000000000000000     
          25   6.1135799999999998        19.705200000000001       -1.0000000000000000     
          -5   1.8928000000000000        15.867699999999999       -1.0000000000000000     
          -5   1.5327100000000000        15.753700000000000       -1.0000000000000000     
          -5  0.91464000000000001        15.364900000000000       -1.0000000000000000     
          -5  0.90582600000000002        15.122199999999999       -1.0000000000000000     
          -5  0.76991600000000004        17.288000000000000       -1.0000000000000000     
          -5  0.38236300000000001        19.916200000000000       -1.0000000000000000     
          -5  0.91281500000000004        17.758099999999999       -1.0000000000000000     
          -5  0.51139199999999996        16.239200000000000       -1.0000000000000000     
          26  0.42609100000000000        16.176600000000001       -1.0000000000000000     
          -5  0.46237299999999998        15.313499999999999       -1.0000000000000000     
          -5   0.0000000000000000        17.981100000000001       -1.0000000000000000     
          -5   1.6308700000000000        15.481600000000000       -1.0000000000000000     
          -5   1.4720299999999999        15.743499999999999       -1.0000000000000000     
          27   1.5160199999999999        15.595800000000001       -1.0000000000000000     
          -5   1.5108999999999999        16.197800000000001       -1.0000000000000000     
          -5   1.4417899999999999        16.892800000000001       -1.0000000000000000     
          -5   1.4532300000000000        12.926200000000000       -1.0000000000000000     
          -5   1.4200900000000001        16.838200000000001       -1.0000000000000000     
          -5   2.1237699999999999        16.174099999999999       -1.0000000000000000     
          -5   2.2115300000000002        18.628200000000000       -1.0000000000000000     
          -5   1.4486300000000001        19.463999999999999       -1.0000000000000000     
          -5   1.6092000000000000        16.163000000000000       -1.0000000000000000     
          -5   1.8743399999999999        16.419799999999999       -1.0000000000000000     
          -5   1.8126899999999999        14.911300000000001       -1.0000000000000000     
          -5   1.7763899999999999        16.214900000000000       -1.0000000000000000     
          -5   1.7514700000000001        16.699200000000001       -1.0000000000000000     
          -5   1.8297000000000001        14.834600000000000       -1.0000000000000000     
          -5   3.0669200000000001        15.780400000000000        1.0000000000000000     
          28   2.8628499999999999        16.822800000000001        1.0000000000000000     
          -5  0.58313099999999995        18.092600000000001       -1.0000000000000000     
          -5  0.69729500000000000        21.331099999999999       -1.0000000000000000     
          -5  0.65828299999999995        15.213400000000000       -1.0000000000000000     
          -5   3.2807900000000001        13.546700000000000        1.0000000000000000     
          29  0.73078100000000001        14.951800000000000       -1.0000000000000000     
          -5   2.7035300000000002        14.539099999999999        1.0000000000000000     
          -5  0.56181199999999998        16.655100000000001       -1.0000000000000000     
          -5   1.9051400000000001        15.729600000000000       -1.0000000000000000     
          -5  0.28371400000000002        15.668699999999999       -1.0000000000000000     
          30   4.3171299999999997        14.106199999999999        1.0000000000000000     
          -5  0.37423400000000001        12.397700000000000       -1.0000000000000000     
          -5  0.63040300000000005        16.114899999999999       -1.0000000000000000     
          -5   5.3130499999999996        15.259499999999999        1.0000000000000000     
          -5  0.31864599999999998        16.135500000000000       -1.0000000000000000     
          31   5.1070300000000000        15.125800000000000       -1.0000000000000000     
          -5  0.56971400000000005        12.389200000000001       -1.0000000000000000     
          -5  0.53892399999999996        14.931500000000000       -1.0000000000000000     
          -5  0.33931899999999998        17.463899999999999       -1.0000000000000000     
          -5   3.3663699999999999        16.478999999999999        1.0000000000000000     
          32   3.3454100000000002        15.440000000000000        1.0000000000000000     
          -5   3.5822699999999998        15.625000000000000        1.0000000000000000     
          -5   3.5611700000000002        15.685800000000000       -1.0000000000000000     
          -5   3.5694800000000000        14.512300000000000        1.0000000000000000     
          -5  0.68837099999999996        6.9765100000000002       -1.0000000000000000     
          33   3.3228000000000000        16.877700000000001        1.0000000000000000     
          -5   5.4393300000000000        15.675500000000000        1.0000000000000000     
          -5  0.71670800000000001        20.613199999999999       -1.0000000000000000     
          -5   5.3322300000000000        12.391999999999999        1.0000000000000000     
          -5   5.3083499999999999        11.348900000000000        1.0000000000000000     
          34  0.83885299999999996        10.879799999999999       -1.0000000000000000     
          -5  0.89186100000000001        19.206600000000002       -1.0000000000000000     
          -5  0.36662200000000000        14.123900000000001       -1.0000000000000000     
          -5  0.79397099999999998        15.908799999999999       -1.0000000000000000     
          -5   4.9110300000000002        16.474499999999999        1.0000000000000000     
          35   6.0456300000000001        14.607400000000000        1.0000000000000000     
          -5   5.4788500000000004        16.516800000000000        1.0000000000000000     
          -5  0.83365500000000003        18.598600000000001       -1.0000000000000000     
          -5   4.8875799999999998        13.862700000000000        1.0000000000000000     
          -5   4.8256399999999999        14.862200000000000        1.0000000000000000     
          -5   4.8524500000000002        15.660299999999999        1.0000000000000000     
          -5   4.8240600000000002        14.382199999999999        1.0000000000000000     
          -5   5.2438500000000001        15.273300000000001        1.0000000000000000     
          -5   5.4239400000000000        12.294499999999999        1.0000000000000000     
          -5   5.3341500000000002        16.184699999999999        1.0000000000000000     
          -5   5.4164700000000003        15.141000000000000        1.0000000000000000     
          -5   5.2322400000000000        14.496000000000000        1.0000000000000000     
          -5   5.2242499999999996        17.180099999999999        1.0000000000000000     
          -5   5.1319900000000001        13.913700000000000        1.0000000000000000     
          -5   5.1583600000000001        16.535900000000002        1.0000000000000000     
          -5   5.0256299999999996        14.569699999999999        1.0000000000000000     
          -5   4.8872299999999997        15.670299999999999        1.0000000000000000     
          -5   5.1332800000000001        16.959800000000001       -1.0000000000000000     
          -5   4.9212400000000001        16.238900000000001        1.0000000000000000     
          -5   4.9934900000000004        15.728000000000000        1.0000000000000000     
          -5   5.0044100000000000        14.051000000000000        1.0000000000000000     
          -5   5.0012299999999996        19.364400000000000        1.0000000000000000     
          -5   5.1470099999999999        16.815200000000001        1.0000000000000000     
          -5   5.2547100000000002        18.258099999999999        1.0000000000000000     
          -5   5.0266400000000004        17.003200000000000        1.0000000000000000     
